6 7 4 3 4 10 9 2 0 3 7 2 8 5 1 4 8 5 11 6 8  - 109.828
6 9 1 3 4 10 9 2 0 3 7 2 8 5 1 4 8 5 11 6 8  - 116.947
6 7 4 3 4 10 9 2 0 3 7 3 8 5 1 4 8 5 11 1 8  - 129.499
0 9 4 3 4 10 9 2 0 3 7 2 8 5 1 6 8 5 11 6 8  - 148.719
1 3 4 3 4 10 9 2 0 3 7 3 8 5 1 4 8 5 11 6 8  - 179.164
6 3 4 3 4 10 9 2 0 3 7 3 8 5 1 4 8 5 11 6 8  - 195.363
6 3 4 3 4 10 9 2 0 3 7 3 8 5 1 4 8 5 11 6 1  - 195.934
1 3 4 3 4 10 9 2 0 3 7 3 8 5 1 6 8 5 11 6 8  - 214.348
1 3 4 3 4 10 9 2 0 3 7 3 8 5 1 6 8 5 11 6 1  - 215.187
1 3 1 3 4 10 9 2 0 3 7 3 8 5 1 6 8 5 11 6 1  - 218.109
1 3 1 3 4 10 9 2 0 3 7 3 6 5 1 6 8 5 11 6 1  - 237.741
1 3 5 3 4 10 9 2 0 3 7 3 6 5 1 6 8 5 11 6 1  - 248.677
1 3 5 3 4 10 9 2 0 3 7 3 6 5 1 6 8 5 11 6 3  - 249.635
1 3 5 3 4 10 9 2 0 3 7 3 6 5 1 5 8 5 11 6 1  - 262.158
1 3 5 3 4 10 9 2 0 3 7 3 6 5 1 5 8 5 11 6 3  - 263.417
1 3 5 3 4 10 9 2 0 3 7 3 6 3 1 5 8 5 11 6 8  - 274.642
1 3 5 3 4 10 9 2 0 3 7 3 6 3 1 5 8 5 11 6 3  - 279.8
1 3 5 3 4 10 9 2 0 3 7 3 6 5 1 6 8 5 11 3 1  - 281.164
1 3 5 3 4 10 9 2 0 3 7 3 6 3 1 5 8 5 11 3 1  - 300.617
6 3 5 3 4 10 9 2 0 3 7 3 6 3 1 5 8 5 11 3 1  - 308.675
6 3 5 0 4 10 9 2 0 3 7 3 6 3 1 5 8 5 11 3 1  - 309.023
6 3 5 0 4 10 9 2 0 3 7 3 9 3 1 5 8 5 11 3 1  - 327.041
6 3 5 0 4 10 9 2 0 3 7 3 9 0 1 5 8 5 11 3 1  - 330.937
6 3 5 0 4 10 9 2 0 3 7 3 9 0 1 0 8 5 11 3 1  - 332.992
6 3 5 0 4 10 9 2 0 0 7 3 9 0 1 0 8 5 11 3 1  - 340.477
6 3 5 0 4 10 0 2 0 0 7 3 9 0 1 0 8 5 11 3 1  - 361.694
6 3 5 0 4 10 0 2 0 0 7 3 9 0 1 0 8 0 11 3 1  - 362.081
6 3 5 0 4 10 3 2 0 0 7 3 9 0 1 0 8 0 11 3 1  - 372.741
6 3 5 0 4 10 3 2 0 0 7 3 9 0 1 0 8 0 11 3 6  - 375.497
